f1(20,120,40,110,60,120,40,170,0,0)
f2(60,120,120,130,80,160,40,170,0,0)
f3(90,80,100,40,120,60,120,130,0,0)
f4(60,80,90,80,120,130,60,120,0,0)
f5(20,90,60,80,60,100,40,100,0,0)
f6(20,90,40,100,40,110,20,120,0,0)
f7(40,100,60,100,60,120,40,110,8,1)
w1(60,80,20,90,0,80,0)
w2(20,90,20,120,0,80,0)
w3(20,120,40,170,0,80,0)
w4(40,170,80,160,0,80,0)
w5(80,160,120,130,0,80,0)
w6(120,130,120,60,0,80,0)
w7(120,60,100,40,0,80,0)
w8(100,40,90,80,0,80,0)
w9(90,80,60,80,0,80,0)
w10(40,100,60,100,0,8,1)
w11(60,100,60,120,0,8,1)
w12(60,120,40,110,0,8,1)
w13(40,110,40,100,0,8,1)
w14(80,100,100,100,32,8,1)
w15(100,100,100,130,32,8,1)
w16(100,130,80,130,32,8,1)
w17(80,130,80,100,32,8,1)
c1(40,170,80,160,80,130,20,120,40,0)
c2(80,160,120,130,100,130,80,130,40,0)
c3(100,130,120,130,120,60,100,100,40,0)
c4(90,80,100,100,120,60,100,40,40,0)
c5(60,80,100,100,90,80,70,80,40,0)
c6(20,90,80,100,100,100,60,80,40,0)
c7(20,120,80,130,80,100,20,90,40,0)
c8(80,130,100,130,100,100,80,100,32,1)
p(70,90,0)
